===== Target Comparison Report =====
Matrix 1: 10 targets
Matrix 2: 11 targets
Overlaps detected: 4
Average overlap: 60.61%
====================================

-- Matrix 1 Only --
 target_id                                              rg_indices                                   dp_indices
         1                               [121, 122, 121, 122, 123]                              [5, 5, 6, 6, 6]
         2 [700, 701, 702, 700, 701, 702, 700, 701, 700, 701, 702]            [5, 5, 5, 6, 6, 6, 7, 7, 8, 8, 8]
         3                                    [663, 664, 663, 664]                                 [7, 7, 8, 8]
         6                     [860, 860, 859, 860, 859, 860, 860]                 [17, 18, 19, 19, 20, 20, 21]
         7                                         [330, 330, 331]                                 [21, 22, 22]
         8 [374, 371, 372, 373, 374, 370, 371, 372, 373, 374, 375] [21, 22, 22, 22, 22, 23, 23, 23, 23, 23, 23]

-- Matrix 2 Only --
 target_id                                                   rg_indices                                       dp_indices
         1                               [191, 191, 192, 191, 192, 191]                               [0, 1, 1, 2, 2, 3]
         4 [160, 159, 160, 159, 160, 159, 160, 158, 159, 160, 158, 159] [16, 17, 17, 18, 18, 19, 19, 20, 20, 20, 21, 21]
         5                                              [308, 308, 308]                                     [19, 20, 21]
         6 [559, 560, 559, 560, 559, 560, 560, 560, 561, 562, 559, 560] [21, 21, 22, 22, 23, 23, 24, 25, 25, 25, 26, 26]
         7                                                   [491, 492]                                         [23, 23]
         8             [17, 18, 19, 20, 21, 19, 20, 21, 18, 19, 20, 21] [25, 25, 25, 25, 25, 26, 26, 26, 27, 27, 27, 27]
        10                                                        [510]                                             [26]

-- Overlapping Targets --
 target_id_matrix1  target_id_matrix2                                                                                                                   rg_indices                                                                                           dp_indices  overlap_percent
                 4                  2                                                                                                     [[566, 567, 566], [567]]                                                                                 [[11, 11, 12], [11]]        33.333333
                 5                  3 [[781, 779, 780, 781, 782, 781, 782, 783, 784, 781, 782, 783], [781, 779, 780, 781, 782, 781, 782, 783, 784, 781, 782, 783]] [[13, 14, 14, 14, 14, 15, 15, 15, 15, 16, 16, 16], [13, 14, 14, 14, 14, 15, 15, 15, 15, 16, 16, 16]]       100.000000
                 9                  9                                                             [[510, 511, 512, 510, 511, 512, 510, 511, 512, 510, 511], [511]]                                                 [[24, 24, 24, 25, 25, 25, 26, 26, 26, 27, 27], [25]]         9.090909
                10                 11                     [[475, 474, 475, 474, 475, 476, 474, 475, 476, 477], [475, 474, 475, 474, 475, 476, 474, 475, 476, 477]]                 [[28, 29, 29, 30, 30, 30, 31, 31, 31, 31], [28, 29, 29, 30, 30, 30, 31, 31, 31, 31]]       100.000000

